[gd_scene load_steps=6 format=2]

[ext_resource path="res://Scenes/building.tscn" type="PackedScene" id=1]
[ext_resource path="res://Scenes/FPSCharacter.tscn" type="PackedScene" id=2]
[ext_resource path="res://Scenes/Goal.tscn" type="PackedScene" id=3]
[ext_resource path="res://Scenes/Arrow.tscn" type="PackedScene" id=4]
[ext_resource path="res://Scenes/Lava.tscn" type="PackedScene" id=5]

[node name="Level 2" type="Spatial" groups=[
"Level 2",
]]

[node name="Building" parent="." instance=ExtResource( 1 )]
transform = Transform( 1, 0, 0, 0, -4.37114e-008, -1, 0, 1, -4.37114e-008, 0, -12.5, 0 )

[node name="Building3" parent="." instance=ExtResource( 1 )]
transform = Transform( 0.880027, -0.472952, 0.0432273, 0.133643, 0.15927, -0.978148, 0.455732, 0.866574, 0.203368, -50, 100, -200 )

[node name="Building4" parent="." instance=ExtResource( 1 )]
transform = Transform( 0.865043, -0.49081, -0.103956, -0.321394, -0.383022, -0.866025, 0.385236, 0.78256, -0.489074, 0, 150, -300 )

[node name="Building2" parent="." instance=ExtResource( 1 )]
transform = Transform( 0.986483, -0.159494, -0.0375843, -0.0636423, -0.161565, -0.984808, 0.150998, 0.973888, -0.169532, 50, 50, -100 )

[node name="FPSCharacter" parent="." instance=ExtResource( 2 )]
transform = Transform( 1, 0, 0, 0, 1, 0, 0, 0, 1, 0, 1, 0 )

[node name="Goal" parent="." instance=ExtResource( 3 )]
transform = Transform( 0.986494, 0.0382406, -0.15927, 0.133022, -0.754407, 0.642788, -0.0955734, -0.655293, -0.749305, 0, 166, -300 )

[node name="Arrow" parent="." instance=ExtResource( 4 )]
transform = Transform( 1, 0, 0, 0, 1, 0, 0, 0, 1, 0, 200, -300 )

[node name="Ground" parent="." instance=ExtResource( 5 )]
transform = Transform( 1, 0, 0, 0, 1, 0, 0, 0, 1, 0, -200, 0 )
