[gd_scene load_steps=10 format=2]

[ext_resource path="res://Scenes/building.tscn" type="PackedScene" id=1]
[ext_resource path="res://Scenes/FPSCharacter.tscn" type="PackedScene" id=2]
[ext_resource path="res://Scenes/Goal.tscn" type="PackedScene" id=3]
[ext_resource path="res://Scenes/Arrow.tscn" type="PackedScene" id=4]
[ext_resource path="res://Scenes/Lava.tscn" type="PackedScene" id=5]
[ext_resource path="res://Scenes/rotateBuilding1.tscn" type="PackedScene" id=6]
[ext_resource path="res://Scenes/rotateBuilding1.gd" type="Script" id=7]
[ext_resource path="res://Scenes/rotateBuilding2.tscn" type="PackedScene" id=8]
[ext_resource path="res://Scenes/rotateBuilding2.gd" type="Script" id=9]

[node name="Level 3" type="Spatial" groups=[
"Level 3",
]]

[node name="Building" parent="." instance=ExtResource( 1 )]
transform = Transform( 1, 0, 0, 0, -4.37114e-008, -1, 0, 1, -4.37114e-008, 0, -12.5, 0 )

[node name="Building4" parent="." instance=ExtResource( 1 )]
transform = Transform( 0.865043, -0.49081, -0.103956, -0.321394, -0.383022, -0.866025, 0.385236, 0.78256, -0.489074, 0, 150, -300 )

[node name="FPSCharacter" parent="." instance=ExtResource( 2 )]
transform = Transform( 1, 0, 0, 0, 1, 0, 0, 0, 1, 0, 1, 0 )

[node name="Goal" parent="." instance=ExtResource( 3 )]
transform = Transform( 0.986494, 0.0382406, -0.15927, 0.133022, -0.754407, 0.642788, -0.0955734, -0.655293, -0.749305, 0, 166, -300 )

[node name="Arrow" parent="." instance=ExtResource( 4 )]
transform = Transform( 1, 0, 0, 0, 1, 0, 0, 0, 1, 0, 200, -300 )

[node name="Ground" parent="." instance=ExtResource( 5 )]
transform = Transform( 1, 0, 0, 0, 1, 0, 0, 0, 1, 0, -200, 0 )

[node name="rotateOne" parent="." instance=ExtResource( 6 )]
transform = Transform( -1, 8.44439e-008, -2.26267e-008, 0, 0.258819, 0.965926, 8.74228e-008, 0.965926, -0.258819, 0, 50, 0 )
script = ExtResource( 7 )

[node name="rotateTwo" parent="." instance=ExtResource( 8 )]
transform = Transform( -0.766044, 0.413176, -0.492404, 0, 0.766044, 0.642788, 0.642788, 0.492404, -0.586824, 0, 100, 0 )
script = ExtResource( 9 )
